image: show_map.pgm
resolution: 0.050000
origin: [-6.790574, -2.784698, 0.000000]
negate: 0
occupied_thresh: 0.65
free_thresh: 0.196

